Begin Map
Begin Actor Class=LevelInfo Name=LevelInfo0
    TimeSeconds=170.799210
    Summary=LevelSummary'MyLevel.LevelSummary'
    NavigationPointList=PathNode'MyLevel.PathNode142'
    AIProfile(0)=71669840
    DistanceFromPlayer=655.743835
    Level=LevelInfo'MyLevel.LevelInfo0'
    Tag=LevelInfo
    Region=(Zone=LevelInfo'MyLevel.LevelInfo0',iLeaf=-1)
    Name=LevelInfo0
End Actor
Begin Actor Class=Brush Name=Brush0
    MainScale=(SheerAxis=SHEER_ZX)
    PostScale=(SheerAxis=SHEER_ZX)
    TempScale=(SheerAxis=SHEER_ZX)
    bDynamicLight=True
    DistanceFromPlayer=1099.276611
    Group=Cube
    Level=LevelInfo'MyLevel.LevelInfo0'
    Tag=Brush
    Region=(Zone=ZoneInfo'MyLevel.ZoneInfo0',iLeaf=1422,ZoneNumber=1)
    Location=(X=-2688.000000,Y=544.000000,Z=128.000000)
    Rotation=(Yaw=-16384,Roll=16384)
    bSelected=True
    Begin Brush Name=Brush
       Begin PolyList
          Begin Polygon Item=Step Link=0
             Origin   +00506.000000,+00000.000000,-00016.000000
             Normal   +00000.000000,+00000.000000,+00001.000000
             TextureU -00000.980785,-00000.195091,+00000.000000
             TextureV +00000.195091,-00000.980785,+00000.000000
             Vertex   +00506.000000,+00000.000000,-00016.000000
             Vertex   +00467.483002,+00193.637802,-00016.000000
             Vertex   +00226.350403,+00093.757401,-00016.000000
             Vertex   +00245.000000,+00000.000000,-00016.000000
          End Polygon
          Begin Polygon Item=Base Link=1
             Origin   +00245.000000,+00000.000000,-00032.000000
             Normal   +00000.000000,+00000.000000,-00001.000000
             TextureU +00000.980785,+00000.195091,+00000.000000
             TextureV +00000.195091,-00000.980785,+00000.000000
             Vertex   +00245.000000,+00000.000000,-00032.000000
             Vertex   +00226.350403,+00093.757401,-00032.000000
             Vertex   +00467.483002,+00193.637802,-00032.000000
             Vertex   +00506.000000,+00000.000000,-00032.000000
          End Polygon
          Begin Polygon Item=Rise Link=2
             Origin   +00245.000000,+00000.000000,-00016.000000
             Normal   +00000.000000,-00001.000000,+00000.000000
             TextureU +00001.000000,+00000.000000,-00000.000000
             TextureV +00000.000000,+00000.000000,+00001.000000
             Vertex   +00245.000000,+00000.000000,-00016.000000
             Vertex   +00245.000000,+00000.000000,-00032.000000
             Vertex   +00506.000000,+00000.000000,-00032.000000
             Vertex   +00506.000000,+00000.000000,-00016.000000
          End Polygon
          Begin Polygon Item=Side Link=3
             Origin   +00245.000000,+00000.000000,-00016.000000
             Normal   -00000.980785,-00000.195091,+00000.000000
             TextureU +00000.000000,-00000.000000,-00001.000000
             TextureV +00000.195091,-00000.980785,+00000.000000
             Vertex   +00245.000000,+00000.000000,-00016.000000
             Vertex   +00226.350403,+00093.757401,-00016.000000
             Vertex   +00226.350403,+00093.757401,-00032.000000
             Vertex   +00245.000000,+00000.000000,-00032.000000
          End Polygon
          Begin Polygon Item=Side Link=4
             Origin   +00506.000000,+00000.000000,-00032.000000
             Normal   +00000.980785,+00000.195091,+00000.000000
             TextureU -00000.000000,+00000.000000,+00001.000000
             TextureV +00000.195091,-00000.980785,+00000.000000
             Vertex   +00506.000000,+00000.000000,-00032.000000
             Vertex   +00467.483002,+00193.637802,-00032.000000
             Vertex   +00467.483002,+00193.637802,-00016.000000
             Vertex   +00506.000000,+00000.000000,-00016.000000
          End Polygon
          Begin Polygon Item=Step Link=5
             Origin   +00467.483002,+00193.637802,+00000.000000
             Normal   +00000.000000,+00000.000000,+00001.000000
             TextureU -00000.831470,-00000.555570,+00000.000000
             TextureV +00000.555570,-00000.831470,+00000.000000
             Vertex   +00467.483002,+00193.637802,+00000.000000
             Vertex   +00357.795990,+00357.795990,+00000.000000
             Vertex   +00173.241104,+00173.241104,+00000.000000
             Vertex   +00226.350403,+00093.757401,+00000.000000
          End Polygon
          Begin Polygon Item=Base Link=1
             Origin   +00226.350403,+00093.757401,-00032.000000
             Normal   +00000.000000,+00000.000000,-00001.000000
             TextureU +00000.831470,+00000.555570,+00000.000000
             TextureV +00000.555570,-00000.831470,+00000.000000
             Vertex   +00226.350403,+00093.757401,-00032.000000
             Vertex   +00173.241104,+00173.241104,-00032.000000
             Vertex   +00357.795990,+00357.795990,-00032.000000
             Vertex   +00467.483002,+00193.637802,-00032.000000
          End Polygon
          Begin Polygon Item=Rise Link=7
             Origin   +00226.350403,+00093.757401,+00000.000000
             Normal   +00000.382683,-00000.923880,+00000.000000
             TextureU +00000.923880,+00000.382683,-00000.000000
             TextureV +00000.000000,+00000.000000,+00001.000000
             Vertex   +00226.350403,+00093.757401,+00000.000000
             Vertex   +00226.350403,+00093.757401,-00016.000000
             Vertex   +00467.483002,+00193.637802,-00016.000000
             Vertex   +00467.483002,+00193.637802,+00000.000000
          End Polygon
          Begin Polygon Item=Side Link=8
             Origin   +00226.350403,+00093.757401,+00000.000000
             Normal   -00000.831470,-00000.555570,+00000.000000
             TextureU +00000.000000,-00000.000000,-00001.000000
             TextureV +00000.555570,-00000.831470,+00000.000000
             Vertex   +00226.350403,+00093.757401,+00000.000000
             Vertex   +00173.241104,+00173.241104,+00000.000000
             Vertex   +00173.241104,+00173.241104,-00032.000000
             Vertex   +00226.350403,+00093.757401,-00032.000000
          End Polygon
          Begin Polygon Item=Side Link=9
             Origin   +00467.483002,+00193.637802,-00032.000000
             Normal   +00000.831470,+00000.555570,+00000.000000
             TextureU -00000.000000,+00000.000000,+00001.000000
             TextureV +00000.555570,-00000.831470,+00000.000000
             Vertex   +00467.483002,+00193.637802,-00032.000000
             Vertex   +00357.795990,+00357.795990,-00032.000000
             Vertex   +00357.795990,+00357.795990,+00000.000000
             Vertex   +00467.483002,+00193.637802,+00000.000000
          End Polygon
          Begin Polygon Item=Step Link=10
             Origin   +00357.795990,+00357.795990,+00016.000000
             Normal   +00000.000000,+00000.000000,+00001.000000
             TextureU -00000.555570,-00000.831470,+00000.000000
             TextureV +00000.831470,-00000.555570,+00000.000000
             Vertex   +00357.795990,+00357.795990,+00016.000000
             Vertex   +00193.637802,+00467.483002,+00016.000000
             Vertex   +00093.757401,+00226.350403,+00016.000000
             Vertex   +00173.241104,+00173.241104,+00016.000000
          End Polygon
          Begin Polygon Item=Base Link=1
             Origin   +00173.241104,+00173.241104,-00032.000000
             Normal   +00000.000000,+00000.000000,-00001.000000
             TextureU +00000.555570,+00000.831470,+00000.000000
             TextureV +00000.831470,-00000.555570,+00000.000000
             Vertex   +00173.241104,+00173.241104,-00032.000000
             Vertex   +00093.757401,+00226.350403,-00032.000000
             Vertex   +00193.637802,+00467.483002,-00032.000000
             Vertex   +00357.795990,+00357.795990,-00032.000000
          End Polygon
          Begin Polygon Item=Rise Link=12
             Origin   +00173.241104,+00173.241104,+00016.000000
             Normal   +00000.707107,-00000.707107,+00000.000000
             TextureU +00000.707107,+00000.707107,-00000.000000
             TextureV +00000.000000,+00000.000000,+00001.000000
             Vertex   +00173.241104,+00173.241104,+00016.000000
             Vertex   +00173.241104,+00173.241104,+00000.000000
             Vertex   +00357.795990,+00357.795990,+00000.000000
             Vertex   +00357.795990,+00357.795990,+00016.000000
          End Polygon
          Begin Polygon Item=Side Link=13
             Origin   +00173.241104,+00173.241104,+00016.000000
             Normal   -00000.555570,-00000.831470,+00000.000000
             TextureU +00000.000000,-00000.000000,-00001.000000
             TextureV +00000.831470,-00000.555570,+00000.000000
             Vertex   +00173.241104,+00173.241104,+00016.000000
             Vertex   +00093.757401,+00226.350403,+00016.000000
             Vertex   +00093.757401,+00226.350403,-00032.000000
             Vertex   +00173.241104,+00173.241104,-00032.000000
          End Polygon
          Begin Polygon Item=Side Link=14
             Origin   +00357.795990,+00357.795990,-00032.000000
             Normal   +00000.555570,+00000.831470,+00000.000000
             TextureU -00000.000000,+00000.000000,+00001.000000
             TextureV +00000.831470,-00000.555570,+00000.000000
             Vertex   +00357.795990,+00357.795990,-00032.000000
             Vertex   +00193.637802,+00467.483002,-00032.000000
             Vertex   +00193.637802,+00467.483002,+00016.000000
             Vertex   +00357.795990,+00357.795990,+00016.000000
          End Polygon
          Begin Polygon Item=Step Link=15
             Origin   +00193.637802,+00467.483002,+00032.000000
             Normal   +00000.000000,+00000.000000,+00001.000000
             TextureU -00000.195091,-00000.980785,+00000.000000
             TextureV +00000.980785,-00000.195091,+00000.000000
             Vertex   +00193.637802,+00467.483002,+00032.000000
             Vertex   +00000.000000,+00506.000000,+00032.000000
             Vertex   +00000.000000,+00245.000000,+00032.000000
             Vertex   +00093.757401,+00226.350403,+00032.000000
          End Polygon
          Begin Polygon Item=Base Link=1
             Origin   +00093.757401,+00226.350403,-00032.000000
             Normal   +00000.000000,+00000.000000,-00001.000000
             TextureU +00000.195091,+00000.980785,+00000.000000
             TextureV +00000.980785,-00000.195091,+00000.000000
             Vertex   +00093.757401,+00226.350403,-00032.000000
             Vertex   +00000.000000,+00245.000000,-00032.000000
             Vertex   +00000.000000,+00506.000000,-00032.000000
             Vertex   +00193.637802,+00467.483002,-00032.000000
          End Polygon
          Begin Polygon Item=Rise Link=17
             Origin   +00093.757401,+00226.350403,+00032.000000
             Normal   +00000.923880,-00000.382683,+00000.000000
             TextureU +00000.382683,+00000.923880,-00000.000000
             TextureV +00000.000000,+00000.000000,+00001.000000
             Vertex   +00093.757401,+00226.350403,+00032.000000
             Vertex   +00093.757401,+00226.350403,+00016.000000
             Vertex   +00193.637802,+00467.483002,+00016.000000
             Vertex   +00193.637802,+00467.483002,+00032.000000
          End Polygon
          Begin Polygon Item=Side Link=18
             Origin   +00093.757401,+00226.350403,+00032.000000
             Normal   -00000.195091,-00000.980785,+00000.000000
             TextureU +00000.000000,-00000.000000,-00001.000000
             TextureV +00000.980785,-00000.195091,+00000.000000
             Vertex   +00093.757401,+00226.350403,+00032.000000
             Vertex   +00000.000000,+00245.000000,+00032.000000
             Vertex   +00000.000000,+00245.000000,-00032.000000
             Vertex   +00093.757401,+00226.350403,-00032.000000
          End Polygon
          Begin Polygon Item=Side Link=19
             Origin   +00193.637802,+00467.483002,-00032.000000
             Normal   +00000.195091,+00000.980785,+00000.000000
             TextureU -00000.000000,+00000.000000,+00001.000000
             TextureV +00000.980785,-00000.195091,+00000.000000
             Vertex   +00193.637802,+00467.483002,-00032.000000
             Vertex   +00000.000000,+00506.000000,-00032.000000
             Vertex   +00000.000000,+00506.000000,+00032.000000
             Vertex   +00193.637802,+00467.483002,+00032.000000
          End Polygon
          Begin Polygon Item=back Link=20
             Origin   +00000.000000,+00245.000000,+00032.000000
             Normal   -00001.000000,+00000.000000,+00000.000000
             TextureU -00000.000000,-00000.000000,-00001.000000
             TextureV +00000.000000,-00001.000000,+00000.000000
             Vertex   +00000.000000,+00245.000000,+00032.000000
             Vertex   +00000.000000,+00506.000000,+00032.000000
             Vertex   +00000.000000,+00506.000000,-00032.000000
             Vertex   +00000.000000,+00245.000000,-00032.000000
          End Polygon
       End PolyList
    End Brush
    Brush=Model'MyLevel.Brush'
    PrePivot=(Y=-0.000000,Z=-1.000000)
    Name=Brush0
End Actor
Begin Actor Class=Brush Name=Brush114
    CsgOper=CSG_Add
    MainScale=(SheerAxis=SHEER_ZX)
    PostScale=(SheerAxis=SHEER_ZX)
    DistanceFromPlayer=1934.590454
    Level=LevelInfo'MyLevel.LevelInfo0'
    Tag=Brush
    Region=(Zone=ZoneInfo'MyLevel.ZoneInfo0',iLeaf=932,ZoneNumber=1)
    Location=(X=1136.000000,Y=688.000000)
    Rotation=(Yaw=-16384)
    Begin Brush Name=Model115
       Begin PolyList
          Begin Polygon Item=OUTSIDE Texture=NYCWhteWall_A Link=0
             Origin   -00240.000000,-00160.000000,+00104.000000
             Normal   +00000.000000,+00000.000000,+00001.000000
             TextureU +00000.000000,+00001.000000,+00000.000000
             TextureV -00001.000000,+00000.000000,+00000.000000
             Vertex   -00240.000000,-00160.000000,+00104.000000
             Vertex   +00248.000000,-00160.000000,+00104.000000
             Vertex   +00248.000000,+00160.000000,+00104.000000
             Vertex   -00240.000000,+00160.000000,+00104.000000
          End Polygon
          Begin Polygon Item=OUTSIDE Texture=NYCWhteWall_A Link=1
             Origin   -00240.000000,+00160.000000,-00104.000000
             Normal   +00000.000000,+00000.000000,-00001.000000
             TextureU +00000.000000,-00001.000000,+00000.000000
             TextureV -00001.000000,+00000.000000,+00000.000000
             Vertex   -00240.000000,+00160.000000,-00104.000000
             Vertex   +00248.000000,+00160.000000,-00104.000000
             Vertex   +00248.000000,-00160.000000,-00104.000000
             Vertex   -00240.000000,-00160.000000,-00104.000000
          End Polygon
          Begin Polygon Item=OUTSIDE Texture=tanbrickwall_AS Link=2
             Origin   -00240.000000,+00160.000000,-00104.000000
             Normal   +00000.000000,+00001.000000,+00000.000000
             TextureU +00001.000000,+00000.000000,+00000.000000
             TextureV +00000.000000,+00000.000000,-00001.000000
             Vertex   -00240.000000,+00160.000000,-00104.000000
             Vertex   -00240.000000,+00160.000000,+00104.000000
             Vertex   +00248.000000,+00160.000000,+00104.000000
             Vertex   +00248.000000,+00160.000000,-00104.000000
          End Polygon
          Begin Polygon Item=OUTSIDE Texture=tanbrickwall_AS Link=3
             Origin   +00240.000000,-00160.000000,-00104.000000
             Normal   +00000.000000,-00001.000000,+00000.000000
             Pan      U=0 V=-1
             TextureU -00001.000000,+00000.000000,+00000.000000
             TextureV +00000.000000,+00000.000000,-00001.000000
             Vertex   +00248.000000,-00160.000000,-00104.000000
             Vertex   +00248.000000,-00160.000000,+00104.000000
             Vertex   -00240.000000,-00160.000000,+00104.000000
             Vertex   -00240.000000,-00160.000000,-00104.000000
          End Polygon
          Begin Polygon Item=OUTSIDE Texture=tanbrickwall_AS Link=4
             Origin   +00240.000000,+00160.000000,-00104.000000
             Normal   +00001.000000,+00000.000000,+00000.000000
             TextureU +00000.000000,-00001.000000,+00000.000000
             TextureV +00000.000000,+00000.000000,-00001.000000
             Vertex   +00248.000000,+00160.000000,-00104.000000
             Vertex   +00248.000000,+00160.000000,+00104.000000
             Vertex   +00248.000000,-00160.000000,+00104.000000
             Vertex   +00248.000000,-00160.000000,-00104.000000
          End Polygon
          Begin Polygon Item=OUTSIDE Texture=tanbrickwall_AS Link=5
             Origin   -00240.000000,-00160.000000,-00104.000000
             Normal   -00001.000000,+00000.000000,+00000.000000
             TextureU +00000.000000,+00001.000000,+00000.000000
             TextureV +00000.000000,+00000.000000,-00001.000000
             Vertex   -00240.000000,-00160.000000,-00104.000000
             Vertex   -00240.000000,-00160.000000,+00104.000000
             Vertex   -00240.000000,+00160.000000,+00104.000000
             Vertex   -00240.000000,+00160.000000,-00104.000000
          End Polygon
       End PolyList
    End Brush
    Brush=Model'MyLevel.Model115'
    PrePivot=(X=240.000000,Y=160.000000,Z=-104.000000)
    Name=Brush114
End Actor
Begin Actor Class=Brush Name=Brush1
    CsgOper=CSG_Subtract
    MainScale=(SheerAxis=SHEER_ZX)
    PostScale=(SheerAxis=SHEER_ZX)
    DistanceFromPlayer=3775.125000
    Level=LevelInfo'MyLevel.LevelInfo0'
    Tag=Brush
    Region=(Zone=LevelInfo'MyLevel.LevelInfo0',iLeaf=-1)
    Location=(X=-2368.000000,Y=-3312.000000,Z=1600.000000)
    Begin Brush Name=Model2
       Begin PolyList
          Begin Polygon Item=OUTSIDE Texture=Marker_sky Flags=8421504 Link=0
             Origin   -02400.000000,-02400.000000,+00800.000000
             Normal   +00000.000000,+00000.000000,+00001.000000
             TextureU +00000.000000,+00001.000000,-00000.000000
             TextureV -00001.000000,+00000.000000,+00000.000000
             Vertex   -02400.000000,-03320.000000,+00800.000000
             Vertex   +02400.000000,-03320.000000,+00800.000000
             Vertex   +02400.000000,+02400.000000,+00800.000000
             Vertex   -02400.000000,+02400.000000,+00800.000000
          End Polygon
          Begin Polygon Item=OUTSIDE Texture=phbs_floor_a Link=1
             Origin   -02400.000000,+02400.000000,-00800.000000
             Normal   +00000.000000,+00000.000000,-00001.000000
             TextureU -00000.000000,-00001.000000,-00000.000000
             TextureV -00001.000000,+00000.000000,+00000.000000
             Vertex   -02400.000000,+02400.000000,-00800.000000
             Vertex   +02400.000000,+02400.000000,-00800.000000
             Vertex   +02400.000000,-03320.000000,-00800.000000
             Vertex   -02400.000000,-03320.000000,-00800.000000
          End Polygon
          Begin Polygon Item=OUTSIDE Texture=Marker_sky Flags=8421504 Link=2
             Origin   -02400.000000,+02400.000000,-00800.000000
             Normal   +00000.000000,+00001.000000,+00000.000000
             TextureU +00001.000000,-00000.000000,+00000.000000
             TextureV +00000.000000,+00000.000000,-00001.000000
             Vertex   -02400.000000,+02400.000000,-00800.000000
             Vertex   -02400.000000,+02400.000000,+00800.000000
             Vertex   +02400.000000,+02400.000000,+00800.000000
             Vertex   +02400.000000,+02400.000000,-00800.000000
          End Polygon
          Begin Polygon Item=OUTSIDE Texture=Marker_sky Flags=8421504 Link=3
             Origin   +02400.000000,-02400.000000,-00800.000000
             Normal   +00000.000000,-00001.000000,+00000.000000
             TextureU -00001.000000,-00000.000000,-00000.000000
             TextureV +00000.000000,+00000.000000,-00001.000000
             Vertex   +02400.000000,-03320.000000,-00800.000000
             Vertex   +02400.000000,-03320.000000,+00800.000000
             Vertex   -02400.000000,-03320.000000,+00800.000000
             Vertex   -02400.000000,-03320.000000,-00800.000000
          End Polygon
          Begin Polygon Item=OUTSIDE Texture=Marker_sky Flags=8421504 Link=4
             Origin   +02400.000000,+02400.000000,-00800.000000
             Normal   +00001.000000,+00000.000000,+00000.000000
             TextureU +00000.000000,-00001.000000,+00000.000000
             TextureV +00000.000000,+00000.000000,-00001.000000
             Vertex   +02400.000000,+02400.000000,-00800.000000
             Vertex   +02400.000000,+02400.000000,+00800.000000
             Vertex   +02400.000000,-03320.000000,+00800.000000
             Vertex   +02400.000000,-03320.000000,-00800.000000
          End Polygon
          Begin Polygon Item=OUTSIDE Texture=Marker_sky Flags=8421504 Link=5
             Origin   -02400.000000,-02400.000000,-00800.000000
             Normal   -00001.000000,+00000.000000,+00000.000000
             TextureU +00000.000000,+00001.000000,+00000.000000
             TextureV +00000.000000,+00000.000000,-00001.000000
             Vertex   -02400.000000,-03320.000000,-00800.000000
             Vertex   -02400.000000,-03320.000000,+00800.000000
             Vertex   -02400.000000,+02400.000000,+00800.000000
             Vertex   -02400.000000,+02400.000000,-00800.000000
          End Polygon
       End PolyList
    End Brush
    Brush=Model'MyLevel.Model2'
    PrePivot=(X=-2400.000000,Y=-3328.000000,Z=800.000000)
    Name=Brush1
End Actor
Begin Actor Class=Brush Name=Brush2
    CsgOper=CSG_Add
    MainScale=(SheerAxis=SHEER_ZX)
    PostScale=(SheerAxis=SHEER_ZX)
    DistanceFromPlayer=617.750732
    Level=LevelInfo'MyLevel.LevelInfo0'
    Tag=Brush
    Region=(Zone=ZoneInfo'MyLevel.ZoneInfo0',iLeaf=567,ZoneNumber=1)
    Location=(Z=96.000000)
    Begin Brush Name=Model3
       Begin PolyList
          Begin Polygon Item=OUTSIDE Texture=DrtyBrwnBlock_A Link=0
             Origin   -01200.000000,-01200.000000,+00096.000000
             Normal   +00000.000000,+00000.000000,+00001.000000
             TextureU +00000.000000,+00001.000000,+00000.000000
             TextureV -00001.000000,+00000.000000,+00000.000000
             Vertex   -01200.000000,-01200.000000,+00096.000000
             Vertex   +01200.000000,-01200.000000,+00096.000000
             Vertex   +01200.000000,+01200.000000,+00096.000000
             Vertex   -01200.000000,+01200.000000,+00096.000000
          End Polygon
          Begin Polygon Item=OUTSIDE Texture=DrtyBrwnBlock_A Link=1
             Origin   -01200.000000,+01200.000000,-00096.000000
             Normal   +00000.000000,+00000.000000,-00001.000000
             TextureU +00000.000000,-00001.000000,+00000.000000
             TextureV -00001.000000,+00000.000000,+00000.000000
             Vertex   -01200.000000,+01200.000000,-00096.000000
             Vertex   +01200.000000,+01200.000000,-00096.000000
             Vertex   +01200.000000,-01200.000000,-00096.000000
             Vertex   -01200.000000,-01200.000000,-00096.000000
          End Polygon
          Begin Polygon Item=OUTSIDE Texture=DrtyBrwnBlock_A Link=2
             Origin   -01200.000000,+01200.000000,-00096.000000
             Normal   +00000.000000,+00001.000000,+00000.000000
             TextureU +00001.000000,+00000.000000,+00000.000000
             TextureV +00000.000000,+00000.000000,-00001.000000
             Vertex   -01200.000000,+01200.000000,-00096.000000
             Vertex   -01200.000000,+01200.000000,+00096.000000
             Vertex   +01200.000000,+01200.000000,+00096.000000
             Vertex   +01200.000000,+01200.000000,-00096.000000
          End Polygon
          Begin Polygon Item=OUTSIDE Texture=DrtyBrwnBlock_A Link=3
             Origin   +01200.000000,-01200.000000,-00096.000000
             Normal   +00000.000000,-00001.000000,+00000.000000
             TextureU -00001.000000,+00000.000000,+00000.000000
             TextureV +00000.000000,+00000.000000,-00001.000000
             Vertex   +01200.000000,-01200.000000,-00096.000000
             Vertex   +01200.000000,-01200.000000,+00096.000000
             Vertex   -01200.000000,-01200.000000,+00096.000000
             Vertex   -01200.000000,-01200.000000,-00096.000000
          End Polygon
          Begin Polygon Item=OUTSIDE Texture=DrtyBrwnBlock_A Link=4
             Origin   +01200.000000,+01200.000000,-00096.000000
             Normal   +00001.000000,+00000.000000,+00000.000000
             TextureU +00000.000000,-00001.000000,+00000.000000
             TextureV +00000.000000,+00000.000000,-00001.000000
             Vertex   +01200.000000,+01200.000000,-00096.000000
             Vertex   +01200.000000,+01200.000000,+00096.000000
             Vertex   +01200.000000,-01200.000000,+00096.000000
             Vertex   +01200.000000,-01200.000000,-00096.000000
          End Polygon
          Begin Polygon Item=OUTSIDE Texture=DrtyBrwnBlock_A Link=5
             Origin   -01200.000000,-01200.000000,-00096.000000
             Normal   -00001.000000,+00000.000000,+00000.000000
             TextureU +00000.000000,+00001.000000,+00000.000000
             TextureV +00000.000000,+00000.000000,-00001.000000
             Vertex   -01200.000000,-01200.000000,-00096.000000
             Vertex   -01200.000000,-01200.000000,+00096.000000
             Vertex   -01200.000000,+01200.000000,+00096.000000
             Vertex   -01200.000000,+01200.000000,-00096.000000
          End Polygon
       End PolyList
    End Brush
    Brush=Model'MyLevel.Model3'
    Name=Brush2
End Actor
Begin Actor Class=Brush Name=Brush3
    CsgOper=CSG_Subtract
    MainScale=(SheerAxis=SHEER_ZX)
    PostScale=(SheerAxis=SHEER_ZX)
    DistanceFromPlayer=617.750732
    Level=LevelInfo'MyLevel.LevelInfo0'
    Tag=Brush
    Region=(Zone=ZoneInfo'MyLevel.ZoneInfo0',iLeaf=567,ZoneNumber=1)
    Location=(Z=96.000000)
    Begin Brush Name=Model4
       Begin PolyList
          Begin Polygon Item=OUTSIDE Texture=DrtyBrwnBlock_A Link=0
             Origin   -01184.000000,-01184.000000,+00096.000000
             Normal   +00000.000000,+00000.000000,+00001.000000
             TextureU +00000.000000,+00001.000000,+00000.000000
             TextureV -00001.000000,+00000.000000,+00000.000000
             Vertex   -01184.000000,-01184.000000,+00096.000000
             Vertex   +01184.000000,-01184.000000,+00096.000000
             Vertex   +01184.000000,+01184.000000,+00096.000000
             Vertex   -01184.000000,+01184.000000,+00096.000000
          End Polygon
          Begin Polygon Item=OUTSIDE Texture=Ngrass Link=1
             Origin   -01184.000000,+01184.000000,-00096.000000
             Normal   +00000.000000,+00000.000000,-00001.000000
             TextureU +00000.000000,-00001.000000,+00000.000000
             TextureV -00001.000000,+00000.000000,+00000.000000
             Vertex   -01184.000000,+01184.000000,-00096.000000
             Vertex   +01184.000000,+01184.000000,-00096.000000
             Vertex   +01184.000000,-01184.000000,-00096.000000
             Vertex   -01184.000000,-01184.000000,-00096.000000
          End Polygon
          Begin Polygon Item=OUTSIDE Texture=DrtyBrwnBlock_A Link=2
             Origin   -01184.000000,+01184.000000,-00096.000000
             Normal   +00000.000000,+00001.000000,+00000.000000
             TextureU +00001.000000,+00000.000000,+00000.000000
             TextureV +00000.000000,+00000.000000,-00001.000000
             Vertex   -01184.000000,+01184.000000,-00096.000000
             Vertex   -01184.000000,+01184.000000,+00096.000000
             Vertex   +01184.000000,+01184.000000,+00096.000000
             Vertex   +01184.000000,+01184.000000,-00096.000000
          End Polygon
          Begin Polygon Item=OUTSIDE Texture=DrtyBrwnBlock_A Link=3
             Origin   +01184.000000,-01184.000000,-00096.000000
             Normal   +00000.000000,-00001.000000,+00000.000000
             TextureU -00001.000000,+00000.000000,+00000.000000
             TextureV +00000.000000,+00000.000000,-00001.000000
             Vertex   +01184.000000,-01184.000000,-00096.000000
             Vertex   +01184.000000,-01184.000000,+00096.000000
             Vertex   -01184.000000,-01184.000000,+00096.000000
             Vertex   -01184.000000,-01184.000000,-00096.000000
          End Polygon
          Begin Polygon Item=OUTSIDE Texture=DrtyBrwnBlock_A Link=4
             Origin   +01184.000000,+01184.000000,-00096.000000
             Normal   +00001.000000,+00000.000000,+00000.000000
             TextureU +00000.000000,-00001.000000,+00000.000000
             TextureV +00000.000000,+00000.000000,-00001.000000
             Vertex   +01184.000000,+01184.000000,-00096.000000
             Vertex   +01184.000000,+01184.000000,+00096.000000
             Vertex   +01184.000000,-01184.000000,+00096.000000
             Vertex   +01184.000000,-01184.000000,-00096.000000
          End Polygon
          Begin Polygon Item=OUTSIDE Texture=DrtyBrwnBlock_A Link=5
             Origin   -01184.000000,-01184.000000,-00096.000000
             Normal   -00001.000000,+00000.000000,+00000.000000
             TextureU +00000.000000,+00001.000000,+00000.000000
             TextureV +00000.000000,+00000.000000,-00001.000000
             Vertex   -01184.000000,-01184.000000,-00096.000000
             Vertex   -01184.000000,-01184.000000,+00096.000000
             Vertex   -01184.000000,+01184.000000,+00096.000000
             Vertex   -01184.000000,+01184.000000,-00096.000000
          End Polygon
       End PolyList
    End Brush
    Brush=Model'MyLevel.Model4'
    Name=Brush3
End Actor
Begin Actor Class=Brush Name=Brush4
    CsgOper=CSG_Add
    MainScale=(SheerAxis=SHEER_ZX)
    PostScale=(SheerAxis=SHEER_ZX)
    DistanceFromPlayer=2252.433350
    Level=LevelInfo'MyLevel.LevelInfo0'
    Tag=Brush
    Region=(Zone=LevelInfo'MyLevel.LevelInfo0',iLeaf=-1)
    Location=(X=1184.000000,Y=1184.000000,Z=112.000000)
    Begin Brush Name=Model5
       Begin PolyList
          Begin Polygon Item=OUTSIDE Texture=DrtyBrwnBlock_A Link=0
             Origin   -00032.000000,-00032.000000,+00112.000000
             Normal   +00000.000000,+00000.000000,+00001.000000
             TextureU +00000.000000,+00001.000000,+00000.000000
             TextureV -00001.000000,+00000.000000,+00000.000000
             Vertex   -00032.000000,-00032.000000,+00112.000000
             Vertex   +00032.000000,-00032.000000,+00112.000000
             Vertex   +00032.000000,+00032.000000,+00112.000000
             Vertex   -00032.000000,+00032.000000,+00112.000000
          End Polygon
          Begin Polygon Item=OUTSIDE Texture=DrtyBrwnBlock_A Link=1
             Origin   -00032.000000,+00032.000000,-00112.000000
             Normal   +00000.000000,+00000.000000,-00001.000000
             TextureU +00000.000000,-00001.000000,+00000.000000
             TextureV -00001.000000,+00000.000000,+00000.000000
             Vertex   -00032.000000,+00032.000000,-00112.000000
             Vertex   +00032.000000,+00032.000000,-00112.000000
             Vertex   +00032.000000,-00032.000000,-00112.000000
             Vertex   -00032.000000,-00032.000000,-00112.000000
          End Polygon
          Begin Polygon Item=OUTSIDE Texture=DrtyBrwnBlock_A Link=2
             Origin   -00032.000000,+00032.000000,-00112.000000
             Normal   +00000.000000,+00001.000000,+00000.000000
             TextureU +00001.000000,+00000.000000,+00000.000000
             TextureV +00000.000000,+00000.000000,-00001.000000
             Vertex   -00032.000000,+00032.000000,-00112.000000
             Vertex   -00032.000000,+00032.000000,+00112.000000
             Vertex   +00032.000000,+00032.000000,+00112.000000
             Vertex   +00032.000000,+00032.000000,-00112.000000
          End Polygon
          Begin Polygon Item=OUTSIDE Texture=DrtyBrwnBlock_A Link=3
             Origin   +00032.000000,-00032.000000,-00112.000000
             Normal   +00000.000000,-00001.000000,+00000.000000
             TextureU -00001.000000,+00000.000000,+00000.000000
             TextureV +00000.000000,+00000.000000,-00001.000000
             Vertex   +00032.000000,-00032.000000,-00112.000000
             Vertex   +00032.000000,-00032.000000,+00112.000000
             Vertex   -00032.000000,-00032.000000,+00112.000000
             Vertex   -00032.000000,-00032.000000,-00112.000000
          End Polygon
          Begin Polygon Item=OUTSIDE Texture=DrtyBrwnBlock_A Link=4
             Origin   +00032.000000,+00032.000000,-00112.000000
             Normal   +00001.000000,+00000.000000,+00000.000000
             TextureU +00000.000000,-00001.000000,+00000.000000
             TextureV +00000.000000,+00000.000000,-00001.000000
             Vertex   +00032.000000,+00032.000000,-00112.000000
             Vertex   +00032.000000,+00032.000000,+00112.000000
             Vertex   +00032.000000,-00032.000000,+00112.000000
             Vertex   +00032.000000,-00032.000000,-00112.000000
          End Polygon
          Begin Polygon Item=OUTSIDE Texture=DrtyBrwnBlock_A Link=5
             Origin   -00032.000000,-00032.000000,-00112.000000
             Normal   -00001.000000,+00000.000000,+00000.000000
             TextureU +00000.000000,+00001.000000,+00000.000000
             TextureV +00000.000000,+00000.000000,-00001.000000
             Vertex   -00032.000000,-00032.000000,-00112.000000
             Vertex   -00032.000000,-00032.000000,+00112.000000
             Vertex   -00032.000000,+00032.000000,+00112.000000
             Vertex   -00032.000000,+00032.000000,-00112.000000
          End Polygon
       End PolyList
    End Brush
    Brush=Model'MyLevel.Model5'
    Name=Brush4
End Actor
Begin Actor Class=Brush Name=Brush5
    CsgOper=CSG_Add
    MainScale=(SheerAxis=SHEER_ZX)
    PostScale=(SheerAxis=SHEER_ZX)
    DistanceFromPlayer=1911.192261
    Level=LevelInfo'MyLevel.LevelInfo0'
    Tag=Brush
    Region=(Zone=LevelInfo'MyLevel.LevelInfo0',iLeaf=-1)
    Location=(X=1184.000000,Y=-1184.000000,Z=112.000000)
    Begin Brush Name=Model6
       Begin PolyList
          Begin Polygon Item=OUTSIDE Texture=DrtyBrwnBlock_A Link=0
             Origin   -00032.000000,-00032.000000,+00112.000000
             Normal   +00000.000000,+00000.000000,+00001.000000
             TextureU +00000.000000,+00001.000000,+00000.000000
             TextureV -00001.000000,+00000.000000,+00000.000000
             Vertex   -00032.000000,-00032.000000,+00112.000000
             Vertex   +00032.000000,-00032.000000,+00112.000000
             Vertex   +00032.000000,+00032.000000,+00112.000000
             Vertex   -00032.000000,+00032.000000,+00112.000000
          End Polygon
          Begin Polygon Item=OUTSIDE Texture=DrtyBrwnBlock_A Link=1
             Origin   -00032.000000,+00032.000000,-00112.000000
             Normal   +00000.000000,+00000.000000,-00001.000000
             TextureU +00000.000000,-00001.000000,+00000.000000
             TextureV -00001.000000,+00000.000000,+00000.000000
             Vertex   -00032.000000,+00032.000000,-00112.000000
             Vertex   +00032.000000,+00032.000000,-00112.000000
             Vertex   +00032.000000,-00032.000000,-00112.000000
             Vertex   -00032.000000,-00032.000000,-00112.000000
          End Polygon
          Begin Polygon Item=OUTSIDE Texture=DrtyBrwnBlock_A Link=2
             Origin   -00032.000000,+00032.000000,-00112.000000
             Normal   +00000.000000,+00001.000000,+00000.000000
             TextureU +00001.000000,+00000.000000,+00000.000000
             TextureV +00000.000000,+00000.000000,-00001.000000
             Vertex   -00032.000000,+00032.000000,-00112.000000
             Vertex   -00032.000000,+00032.000000,+00112.000000
             Vertex   +00032.000000,+00032.000000,+00112.000000
             Vertex   +00032.000000,+00032.000000,-00112.000000
          End Polygon
          Begin Polygon Item=OUTSIDE Texture=DrtyBrwnBlock_A Link=3
             Origin   +00032.000000,-00032.000000,-00112.000000
             Normal   +00000.000000,-00001.000000,+00000.000000
             TextureU -00001.000000,+00000.000000,+00000.000000
             TextureV +00000.000000,+00000.000000,-00001.000000
             Vertex   +00032.000000,-00032.000000,-00112.000000
             Vertex   +00032.000000,-00032.000000,+00112.000000
             Vertex   -00032.000000,-00032.000000,+00112.000000
             Vertex   -00032.000000,-00032.000000,-00112.000000
          End Polygon
          Begin Polygon Item=OUTSIDE Texture=DrtyBrwnBlock_A Link=4
             Origin   +00032.000000,+00032.000000,-00112.000000
             Normal   +00001.000000,+00000.000000,+00000.000000
             TextureU +00000.000000,-00001.000000,+00000.000000
             TextureV +00000.000000,+00000.000000,-00001.000000
             Vertex   +00032.000000,+00032.000000,-00112.000000
             Vertex   +00032.000000,+00032.000000,+00112.000000
             Vertex   +00032.000000,-00032.000000,+00112.000000
             Vertex   +00032.000000,-00032.000000,-00112.000000
          End Polygon
          Begin Polygon Item=OUTSIDE Texture=DrtyBrwnBlock_A Link=5
             Origin   -00032.000000,-00032.000000,-00112.000000
             Normal   -00001.000000,+00000.000000,+00000.000000
             TextureU +00000.000000,+00001.000000,+00000.000000
             TextureV +00000.000000,+00000.000000,-00001.000000
             Vertex   -00032.000000,-00032.000000,-00112.000000
             Vertex   -00032.000000,-00032.000000,+00112.000000
             Vertex   -00032.000000,+00032.000000,+00112.000000
             Vertex   -00032.000000,+00032.000000,-00112.000000
          End Polygon
       End PolyList
    End Brush
    Brush=Model'MyLevel.Model6'
    Name=Brush5
End Actor
Begin Actor Class=Brush Name=Brush6
    CsgOper=CSG_Add
    MainScale=(SheerAxis=SHEER_ZX)
    PostScale=(SheerAxis=SHEER_ZX)
    DistanceFromPlayer=1133.426636
    Level=LevelInfo'MyLevel.LevelInfo0'
    Tag=Brush
    Region=(Zone=LevelInfo'MyLevel.LevelInfo0',iLeaf=-1)
    Location=(X=-1184.000000,Y=-1184.000000,Z=112.000000)
    Begin Brush Name=Model7
       Begin PolyList
          Begin Polygon Item=OUTSIDE Texture=DrtyBrwnBlock_A Link=0
             Origin   -00032.000000,-00032.000000,+00112.000000
             Normal   +00000.000000,+00000.000000,+00001.000000
             TextureU +00000.000000,+00001.000000,+00000.000000
             TextureV -00001.000000,+00000.000000,+00000.000000
             Vertex   -00032.000000,-00032.000000,+00112.000000
             Vertex   +00032.000000,-00032.000000,+00112.000000
             Vertex   +00032.000000,+00032.000000,+00112.000000
             Vertex   -00032.000000,+00032.000000,+00112.000000
          End Polygon
          Begin Polygon Item=OUTSIDE Texture=DrtyBrwnBlock_A Link=1
             Origin   -00032.000000,+00032.000000,-00112.000000
             Normal   +00000.000000,+00000.000000,-00001.000000
             TextureU +00000.000000,-00001.000000,+00000.000000
             TextureV -00001.000000,+00000.000000,+00000.000000
             Vertex   -00032.000000,+00032.000000,-00112.000000
             Vertex   +00032.000000,+00032.000000,-00112.000000
             Vertex   +00032.000000,-00032.000000,-00112.000000
             Vertex   -00032.000000,-00032.000000,-00112.000000
          End Polygon
          Begin Polygon Item=OUTSIDE Texture=DrtyBrwnBlock_A Link=2
             Origin   -00032.000000,+00032.000000,-00112.000000
             Normal   +00000.000000,+00001.000000,+00000.000000
             TextureU +00001.000000,+00000.000000,+00000.000000
             TextureV +00000.000000,+00000.000000,-00001.000000
             Vertex   -00032.000000,+00032.000000,-00112.000000
             Vertex   -00032.000000,+00032.000000,+00112.000000
             Vertex   +00032.000000,+00032.000000,+00112.000000
             Vertex   +00032.000000,+00032.000000,-00112.000000
          End Polygon
